 0.0
 0.0
 0.0
 0.0
 0.0
 0.0
 0.0
 0.0
 0.0
 0.0
 0.0
 0.0
 0.0
 0.0
 0.0
 0.0
 0.0
 0.0
 0.0
 0.0
 0.0
 0.0
 0.0
 0.0
 240
 255
 268
 284
 294
 308
 314
 323
 330
 336
 344
 355
 361
 368
 382
 388
 396
 407
 419
 425
 432
 446
 459
 475
 489
 251
 259
 268
 271
 273
 281
 288
 297
 305
 314
 322
 328
 329
 334
 338
 342
 344
 349
 352
 355
 359
 364
 369
 373
 376
 253
 260
 266
 270
 276
 282
 283
 285
 286
 287
 289
 292
 295
 297
 299
 301
 303
 305
 308
 311
 315
 319
 323
 328
 332
 337
 341
 258
 259
 262
 264
 268
 271
 275
 276
 276
 281
 285
 288
 291
 293
 293
 294
 295
 297
 299
 301
 304
 309
 314
 256
 259
 263
 265
 266
 268
 270
 271
 273
 275
 276
 278
 279
 281
 284
 288
 290
 294
 298
 301
 305
 257
 261
 265
 268
 271
 272
 273
 274
 274
 274
 276
 277
 278
 281
 284
 287
 290
 293
 295
 297
 257
 260
 262
 264
 265
 267
 270
 272
 274
 276
 278
 280
 283
 285
 287
 288
 289
 291
 293
 259
 259
 260
 262
 263
 264
 265
 266
 268
 269
 270
 273
 275
 277
 278
 280
 281
 284
 285
 288
 290
 259
 260
 261
 263
 265
 265
 266
 266
 267
 268
 269
 270
 271
 272
 273
 275
 276
 279
 280
 253
 255
 255
 256
 257
 258
 260
 261
 261
 262
 264